226
148
172
32
32
226
148
172
32
226
148
128
226
148
172
226
148
128
32
226
148
172
32
32
226
148
172
32
226
148
172
32
32
226
148
172
32
226
148
140
226
148
128
226
148
128
226
148
144
32
226
148
172
226
148
128
226
148
144
32
32
226
148
140
226
148
128
226
148
128
226
148
144
32
226
148
172
226
148
128
226
148
128
226
148
144
32
226
148
128
226
148
172
226
148
128
226
148
130
92
47
226
148
130
32
32
226
148
130
32
32
226
148
130
92
32
226
148
130
32
226
148
130
95
95
226
148
130
32
226
148
130
32
32
32
32
226
148
156
226
148
128
226
148
180
226
148
144
32
226
148
156
226
148
128
226
148
128
226
148
164
32
226
148
156
226
148
128
32
32
32
32
226
148
130
226
148
130
32
32
226
148
130
32
32
226
148
130
32
32
226
148
130
32
92
226
148
130
32
226
148
130
32
32
226
148
130
32
226
148
130
32
32
32
32
226
148
130
32
32
226
148
130
32
226
148
130
32
32
226
148
130
32
226
148
130
32
32
32
32
32
226
148
130
226
148
180
32
32
226
148
180
32
226
148
128
226
148
180
226
148
128
32
226
148
180
32
32
226
148
180
32
226
148
180
32
32
226
148
180
32
226
148
148
226
148
128
226
148
128
226
148
152
32
226
148
180
32
32
226
148
180
32
226
148
180
32
32
226
148
180
32
226
148
180
32
32
32
32
32
226
148
180
